528915
497179
542998
329968
4799723
1597305
5560953
588927
239969
843558
690627
1753161
333074
1794529
355834
347651
1776760
272748
276915
1213326
256399
1438226
1861956
311547
1733478
1686605
322014
1643621
279797
298761
289360
308032
301473
1391436
1645557
1738728
286509
313977
346796
313554
307951
293818
285927
321228
298314
1762958
319692
1968147
314044
291762
1996291
1736866
320057
330500
307800
329250
350943
1768227
354679
296644
317628
1912300
345073
340594
331027
314238
325886
304179
548795
4237553
66088
47661
120283
333368
147154
509137
50476
24132
563437
109878
114173
915712
589049
365198
498536
214380
1017877
897633
675606
501164
1142932
254087
771341
272140
219570
781212
627884
715663
589063
237905
828284
236093
283935
509250
171362
709751
543611
200405
356166
286553
669686
210782
753180
872080
700762
503287
947995
2723638
2825817
2777666
311835
422895
60876
14665631
5945842
6569222
3183599
4641154
6148766
2749470
925647
996866
930796
894058
953602
902890
975490
937414
4725557
699478
621816
704767
4086370
421753
2636520
333116
2118291
336987
336333
505917
1736527
807721
823176
768126
207183
661470
272466
88142
605608
189333
148446
124330
130860
130860
825449
7115466
97796
244055
621421
6077582
1328855
1158536
602427
4126769
118722
84648
64609
628050
754460
159162
219036
219036
1620754
1114128
28253455
617568
1486402
32805
720209
18648
1069885
52400
204787
768655
2130842
1068285
954618
640089
571474
637889
846434
1624260
153539
645858
1728204
1233319
1423811
1398745
1407564
4231154
656928
874745
710301
1717309
2134663
46547
5365135
5980257
5293523
5689897
5980257
668152
1309318
1731595
614016
1328854
568754
790971
839366
517014
520469
709437
766792
129449
558129
744620
1373231
